BT inputs -
1 2 3 -1 -1 -1 -1
1 2 3 4 5 -1 6 -1 -1 -1 -1 -1 -1

5 4 8 11 -1 13 4 7 2 -1 -1 1 -1 -1 -1 -1 -1 -1 -1
5 4 8 11 -1 13 4 7 2 -1 -1 1 -1 -1 -1 -1 -1 -1 -1
6 3 2 2 5 4 1 2 -1 -1 -1 5 -1 3 5 -1 -1 -1 -1 -1 -1 -1 -1
10 8 9 2 1 6 5 -1 -1 -1 -1 -1 -1 -1 -1
5 4 8 11 -1 13 4 7 2 -1 -1 -1 1 -1 -1 -1 -1 -1 -1
50 25 75 12 37 62 87 -1 -1 30 40 60 70 -1 -1 -1 -1 -1 -1 -1 -1 -1 -1
3 5 1 6 2 0 8 -1 -1 7 4 -1 -1 -1 -1 -1 -1 -1 -1
4 9 0 5 1 -1 -1 -1 -1 -1 -1
1 2 3 -1 -1 -1 -1
6 3 2 2 5 4 1 2 -1 -1 -1 5 -1 3 5 -1 -1 -1 -1 -1 -1 -1 -1

5 1 4 -1 -1 3 6 -1 -1 -1 -1
5 4 6 -1 -1 3 7 -1 -1 -1 -1
5 1 4 -1 -1 3 6 -1 -1 -1 -1


BST inputs -
5 2 6 1 3 5 7 -1 -1 -1 -1 -1 -1 -1 -1
5 2 8 1 3 6 9 -1 -1 -1 -1 -1 -1 -1 -1
40 20 60 10 30 50 70 -1 -1 -1 -1 -1 -1 -1 -1
5 2 8 1 3 6 9 -1 -1 -1 -1 -1 -1 -1 10 -1 -1
3 5 1 6 2 0 8 -1 -1 7 4 -1 -1 -1 -1 -1 -1 -1 -1
-3 0 3 -2 4 -1 -1 8 -1 -1

4 1 6 0 2 5 7 -1 -1 -1 3 -1 -1 -1 8 -1 -1 -1 -1 -1 -1 -1 -1
10 8 20 6 9 18 24 -1 -1 -1 -1 -1 -1 22 -1 -1 -1 -1 -1
10 6 25 8 9 7 28 4 12 -1 -1 -1 -1 -1 -1 -1 5 -1 -1 -1 6 -1 -1

8 5 10 2 6 -1 -1 -1 -1 -1 7 -1 -1

50 25 75 12 37 62 87 -1 -1 -1 -1 -1 -1 -1 -1

50 25 75 12 37 62 87 -1 -1 30 40 60 70 -1 -1 -1 -1 -1 -1 -1 -1 -1 -1
100
8 5 10 2 6 -1 -1 -1 -1 -1 7 -1 -1
19
5 2 2 3 -1 -1 3 -1 -1 -1 -1
1 2 2 2 -1 2 -1 -1 -1 -1 -1